      0/49      5.2G   0.06936  0.007329         0   0.07669        21       448  0.004536    0.4026  0.004501 0.0008622   0.08063   0.01107         0
      1/49     5.86G   0.04923  0.008227         0   0.05746        14       448    0.5868    0.6213    0.6062    0.2046   0.05972   0.01119         0
      2/49     5.86G    0.0436    0.0069         0    0.0505        14       448    0.4734    0.6264    0.4517    0.1196   0.07002  0.008903         0
      3/49     5.86G   0.03241  0.005114         0   0.03752        20       448    0.9611    0.9181     0.946    0.4758   0.05139  0.008655         0
      4/49     5.86G   0.02529  0.003699         0   0.02899        18       448    0.9653    0.9159    0.9635    0.5053   0.05187   0.00782         0
      5/49     5.86G   0.02362  0.003331         0   0.02695        17       448    0.9759    0.9331    0.9761    0.6093   0.04648  0.007926         0
      6/49     5.86G   0.02101  0.003113         0   0.02412        24       448    0.9742    0.9428    0.9696    0.4361   0.04691  0.007879         0
      7/49     5.86G   0.01999  0.002948         0   0.02293        29       448    0.9815     0.956     0.981    0.5843   0.04529  0.007638         0
      8/49     5.86G   0.01879  0.002815         0   0.02161        19       448    0.9845     0.957    0.9818    0.5497    0.0443  0.007635         0
      9/49     5.86G   0.01855  0.002738         0   0.02129        20       448    0.9801    0.9431    0.9857      0.59   0.04171  0.007653         0
     10/49     5.86G   0.01868  0.002701         0   0.02138        21       448    0.9747     0.962    0.9888    0.5764   0.04323  0.007605         0
     11/49     5.86G   0.01816  0.002612         0   0.02078        18       448    0.9734    0.9141    0.9709    0.6421   0.04114  0.007396         0
     12/49     5.86G   0.01733  0.002531         0   0.01986        23       448    0.9752     0.942    0.9769    0.6166    0.0412  0.007278         0
     13/49     5.86G   0.01722  0.002408         0   0.01963        19       448    0.9768     0.927     0.978    0.6899   0.03878  0.007226         0
     14/49     5.86G   0.01671  0.002381         0   0.01909        34       448    0.9777     0.919    0.9703    0.6982   0.03738  0.007413         0
     15/49     5.86G   0.01612  0.002315         0   0.01844        28       448     0.983    0.9291    0.9771    0.7111   0.03741  0.007073         0
     16/49     5.86G   0.01588  0.002241         0   0.01813        25       448     0.974    0.9358    0.9781    0.7172   0.03542   0.00696         0
     17/49     5.86G   0.01572  0.002197         0   0.01791        14       448    0.4471    0.8242    0.4316    0.3187   0.03512    0.0086         0
     18/49     5.86G   0.01553  0.002154         0   0.01768        16       448    0.9788    0.9251     0.979    0.7112   0.03622   0.00677         0
     19/49     5.86G   0.01488  0.002087         0   0.01697        13       448    0.9767    0.9311    0.9809    0.7466   0.03346  0.006576         0
     20/49     5.86G   0.01453   0.00207         0    0.0166        24       448    0.9801     0.933    0.9808    0.7508   0.03218  0.006728         0
     21/49     5.86G   0.01441  0.001987         0   0.01639        19       448    0.9682    0.9151    0.9769    0.7404   0.03423  0.006586         0
     22/49     5.86G   0.01422  0.002003         0   0.01622        16       448     0.982    0.9241    0.9787    0.7654   0.03201   0.00658         0
     23/49     5.86G   0.01387  0.001943         0   0.01581        15       448    0.9605    0.9491    0.9872    0.7696   0.03019  0.006307         0
     24/49     5.86G    0.0139  0.001997         0    0.0159        25       448     0.987    0.9111    0.9805    0.7515   0.02932  0.007001         0
     25/49     5.86G   0.01348  0.002057         0   0.01554        17       448    0.9795    0.9081    0.9787    0.7745   0.02672  0.007153         0
     26/49     5.86G   0.01349  0.001994         0   0.01548        22       448    0.9673     0.915    0.9763    0.7711   0.02582  0.006916         0
     27/49     5.86G   0.01334  0.001973         0   0.01531        20       448    0.9813    0.8891    0.9717    0.7544   0.02679  0.006623         0
     28/49     5.86G   0.01315   0.00191         0   0.01506        22       448    0.9725    0.9191    0.9798    0.7819   0.02416  0.006756         0
     29/49     5.86G   0.01306  0.001882         0   0.01494        21       448      0.97     0.969    0.9917    0.7845   0.02358  0.006301         0
     30/49     5.86G   0.01278  0.001862         0   0.01464        24       448    0.9833    0.9431    0.9887     0.803   0.02271  0.006266         0
     31/49     5.86G    0.0127  0.001806         0    0.0145        22       448    0.9835     0.952    0.9896    0.7982   0.02293  0.006247         0
     32/49     5.86G   0.01263  0.001776         0   0.01441        17       448    0.9834     0.945    0.9892    0.7998   0.02267  0.006333         0
     33/49     5.86G   0.01224  0.001775         0   0.01402        21       448    0.9719    0.9451    0.9855    0.8096   0.02182  0.006209         0
     34/49     5.86G   0.01228  0.001744         0   0.01402        23       448    0.9557     0.955    0.9851    0.8001   0.02215  0.006351         0
     35/49     5.86G   0.01215  0.001734         0   0.01389        22       448    0.9791    0.9339    0.9848    0.7898   0.02263  0.006249         0
     36/49     5.86G   0.01211  0.001746         0   0.01385        23       448    0.9885     0.945    0.9877    0.8058   0.02138  0.006091         0
     37/49     5.86G   0.01191  0.001723         0   0.01363        16       448    0.9875    0.9447    0.9891    0.8127   0.02128  0.006114         0
     38/49     5.86G   0.01188   0.00171         0   0.01359        20       448    0.9802    0.9421    0.9843    0.8036   0.02206   0.00621         0
     39/49     5.86G   0.01187  0.001719         0   0.01359        25       448    0.9895     0.944    0.9883    0.8122   0.02109  0.006091         0
     40/49     5.86G   0.01173  0.001675         0   0.01341        24       448    0.9789    0.9269    0.9788    0.7907   0.02256  0.006266         0
     41/49     5.86G   0.01165  0.001697         0   0.01335        16       448    0.9665     0.951    0.9847    0.7986   0.02205   0.00615         0
     42/49     5.86G   0.01167   0.00169         0   0.01335        16       448    0.9761     0.937    0.9839    0.7995   0.02202  0.006169         0
     43/49     5.86G   0.01162  0.001675         0   0.01329        28       448     0.974    0.9391    0.9833    0.7966   0.02228  0.006169         0
     44/49     5.86G    0.0115   0.00164         0   0.01314        26       448    0.9809    0.9321    0.9839    0.8022   0.02196  0.006192         0
     45/49     5.86G   0.01148  0.001648         0   0.01312        19       448     0.985    0.9371    0.9858    0.8073   0.02148  0.006201         0
     46/49     5.86G   0.01137  0.001627         0   0.01299        20       448    0.9914     0.925    0.9844    0.8058    0.0217   0.00623         0
     47/49     5.86G   0.01138  0.001672         0   0.01306        30       448    0.9842     0.936    0.9807    0.7982   0.02223  0.006186         0
     48/49     5.86G   0.01127  0.001625         0   0.01289        22       448    0.9882     0.921    0.9773    0.7874   0.02286   0.00621         0
     49/49     5.86G   0.01127  0.001648         0   0.01292        11       448    0.9905     0.938    0.9839    0.7998   0.02182  0.006157         0
